x1 = 2.032520
x2 = 1.739837
x3 = 2.284553
